0.11973
0.049496
0.068815
0.122028
0.070402
0.069323
0.095533
0.112336
0.09686
0.092652
0.149463
0.033347
0.122606
0.079991
0.111295
0.071544
0.114869
0.064147
0.0957
0.082578
0.055446
0.047265
0.032785
0.043006
0.07135
0.033643
0.020267
0.02379
0.035725
0.017913
0.027764
0.01009
0.008207
0.051605
0.054091
0.040958
0.042802
0.034777
0.033642
0.028967
0.027855
0.058892
0.084936
0.080592
0.149516
0.076402
0.084833
0.128835
0.029176
0.06897
0.091347
0.154347
0.193834
0.085192
0.130115
0.147657
0.114919
0.121272
0.116536
0.133447
0.126695
0.098883
0.095159
0.10043
0.088297
0.085828
0.094462
0.084945
0.065284
0.063745
0.057143
0.077135
0.051263
0.083956
0.02558
0.035206
0.035725
0.062751
0.030906
0.049783
0.026239
