0.889021
0.037271
10.0679
0.044017
9.93009
0.014031
0.004427
0.010178
0.003552
0.006653
0.007439
0.009565
0.00851
0.00387
0.005891
0.007172
0.008654
0.008283
0.012483
0.003777
0.010027
0.009927
0.007917
0.003203
0.005181
0.008625
0.007515
0.009409
0.003609
0.006417
0.004814
0.006571
0.008308
0.004813
0.004442
0.010233
0.009542
0.00818
0.003944
0.007505
0.005794
0.008554
0.00845
0.005687
0.007545
0.009717
0.008271
0.007659
0.004704
0.006053
0.008559
0.008569
0.007881
0.004497
0.004994
0.008589
0.007774
0.005975
0.004142
0.00558
0.029707
0.006741
0.008667
0.003782
0.005597
0.008815
0.008457
0.007345
0.003583
0.008613
0.007917
0.008248
0.007996
0.005724
0.004344
0.007906
0.007922
0.008717
0.003809
0.007685
0.007914
0.007675
0.008314
0.003813
0.007091
0.006069
0.008433
0.006536
0.004859
0.00673
0.00767
0.009285
0.008215
0.005207
0.006594
0.006578
0.009486
0.009125
0.003728
0.005971
0.007652
0.009819
0.008097
0.003745
0.009118
0.008185
0.007894
0.007975
0.004452
0.00763
0.00846
0.008676
0.005061
0.005448
0.006848
0.009954
0.008617
0.00864
0.00418
0.00945
0.007469
0.008882
0.009355
0.005864
0.008045
0.007954
0.009903
0.008363
0.003493
0.011019
0.007171
0.009196
0.008829
0.004195
0.005508
0.007858
0.009878
0.008955
0.003344
0.007141
0.008346
0.009898
0.00927
0.005471
0.007572
0.009944
0.010035
0.008114
0.004419
0.006007
0.007039
0.009867
0.008625
0.003677
0.00573
0.007985
0.007919
0.009942
0.004016
