8.06065
6.08178
12.432
13.081
10.9561
10.9158
10.9639
11.1144
12.2918
11.3865
10.9262
11.3435
9.40853
11.6301
10.4023
6.06711
6.30851
10.4355
10.3667
10.3826
12.1861
11.4771
11.1934
11.8371
11.8153
11.2339
12.9493
11.3911
11.7789
11.264
11.9836
12.1968
13.1208
11.5878
11.3166
11.4198
11.7309
11.4577
10.7571
11.9159
11.8281
12.1978
11.6234
12.815
13.6539
12.121
6.36651
6.28965
11.7383
12.0497
11.7485
10.1821
12.5519
13.2039
12.9824
13.5299
14.0403
13.3746
13.7423
13.3814
13.3007
13.4319
15.0089
12.0598
11.9468
12.648
11.6849
12.6247
13.0108
10.1047
12.7108
12.1819
12.412
12.6882
15.2862
11.2922
12.0312
13.6874
12.4979
14.636
14.8627
8.79154
8.96517
12.0156
12.8059
13.8765
17.0585
11.2472
14.1134
14.1839
13.239
12.9384
15.04
11.7025
12.6618
13.3201
14.0093
13.9152
14.5234
14.1251
13.4899
17.5922
7.49854
9.18495
13.0415
12.656
7.96928
9.30595
5.98759
6.98652
7.3609
6.2656
7.52437
5.072
6.92563
10.7612
12.5533
13.3233
7.52135
11.0493
11.2143
11.2174
11.1915
11.1492
9.81026
4.86978
5.6471
7.42559
5.60393
4.34833
4.19688
7.29604
5.53614
5.40235
7.39853
3.86858
6.77367
8.12485
8.44806
9.38336
10.2235
9.71542
12.4104
8.41852
9.99401
10.1369
11.0656
11.3807
11.1515
11.1193
11.0968
11.8311
14.72
8.13807
6.97387
11.7961
10.4039
10.9565
12.4233
12.4723
13.8843
8.3344
12.3225
